-5
-5
-4
1
8
17
84
95
99
95
87
78
57
46
35
26
19
12
2
-3
-8
-12
-16
-19
-24
-26
-28
-30
-30
-30
-31
-32
-32
-34
-35
-35
-29
-21
-11
-6
-3
-2
-7
-12
-15
-16
-13
-9
-14
-22
-30
-36
-39
-40
-39
-38
-36
-35
-33
-35
-43
-47
-51
-54
-58
-60
-60
-56
-49
-42
-33
-23
-2
10
22
34
42
45
40
33
26
20
19
22
35
36
34
29
23
15
5
5
9
15
21
20
13
6
-2
-6
-5
-4
0
1
2
2
1
1
1
-2
-4
-5
-4
-2
0
0
1
1
2
4
4
3
0
1
5
10
9
6
1
1
4
10
17
14
11
6
6
6
11
13
13
12
7
1
-4
0
6
10
10
6
-4
-2
2
7
6
3
-4
-3
-3
-1
-3
-4
-1
4
10
13
13
10
-1
-9
-17
-20
-17
-13
4
13
22
26
26
23
12
2
-5
-9
-8
-4
10
13
12
8
1
-4
-5
-2
4
10
10
6
-5
-8
-9
-7
-3
3
1
-3
-9
-11
-10
-7
-2
-4
-9
-16
-17
-16
-8
-2
3
3
0
-4
-2
4
10
13
12
9
-1
-3
-4
-1
6
12
13
8
1
-5
-8
-7
3
11
19
21
17
13
1
-6
-10
-10
-8
-4
-3
-11
-19
-23
-26
-28
-27
-26
-24
-21
-17
-12
-3
-2
-2
-5
-5
0
12
13
11
8
2
-5
-5
0
6
12
14
11
0
-2
-3
0
5
10
11
7
1
-7
-9
0
21
19
19
8
1
-3
59
59
58
49
41
29
-19
-24
-28
-32
-37
-42
-46
-43
-39
-35
-29
-23
-9
0
9
17
21
20
11
5
-2
-6
-5
-2
8
12
13
12
8
3
-4
-2
2
6
8
7
-2
-8
-14
-17
-15
-9
2
4
5
4
2
-4
-5
-1
5
11
14
15
12
9
5
1
-3
-3
4
6
7
4
-1
-8
-10
-6
-1
5
6
3
-8
-10
-11
-9
-5
1
9
8
5
-1
-8
-9
-3
4
11
13
13
8
-1
-1
0
5
6
6
1
-3
-6
-7
-3
3
7
4
-1
-6
-8
-6
4
7
7
5
-1
-8
-9
-6
0
6
8
7
-4
-11
-15
-15
-12
-7
9
11
10
7
2
-4
-4
1
7
11
11
11
4
-2
-8
-9
-6
-3
6
8
8
5
1
-3
-1
4
11
13
13
12
3
-4
-11
-13
-12
-8
5
8
10
8
4
-2
-7
-4
3
8
9
6
-7
-9
-10
-6
-1
6
11
11
9
4
-2
-2
12
16
21
26
29
31
38
42
46
50
54
58
63
64
64
61
58
55
48
43
38
32
26
19
2
-5
-11
-14
-15
-12
-11
-15
-21
-27
-29
-27
-16
-9
-1
0
-2
-8
-21
-21
-18
-12
-7
-4
-8
-14
-18
-19
-14
-7
-4
-7
-11
-15
-12
-6
3
2
-2
-6
-9
-13
-95
-95
-92
-83
-71
-58
13
20
26
31
31
27
14
7
0
-7
-13
-17
-19
-16
-11
-5
2
10
29
37
47
52
52
48
33
24
14
7
5
5
10
12
11
7
3
-2
3
10
19
24
26
24
15
9
2
-5
-10
-10
-1
6
14
16
16
13
0
-7
-12
-12
-8
-2
8
8
5
-1
-7
-12
-10
-4
2
6
7
5
-4
-11
-17
-15
-11
-5
7
10
11
9
8
7
6
7
9
11
12
13
15
15
15
17
19
21
61
27
23
24
28
27
26
25
24
24
23
22
19
18
17
16
15
13
3
-1
-5
-10
-17
-22
-23
-19
-13
-8
-6
-8
-17
-19
-20
-18
-13
-7
-4
-5
-9
-14
-17
-17
-9
-3
2
3
1
-3
-9
-9
-7
-2
0
1
1
-1
-2
-5
-4
-4
-2
-5
-9
-12
-10
-6
0
-2
-6
-11
-12
-9
2
4
5
2
-2
-7
-6
-1
3
5
4
1
-10
-14
-15
-13
-9
-2
5
4
-1
-7
-13
-13
-5
2
8
10
9
6
-6
-12
-17
-16
-12
-6
2
3
3
2
2
2
5
6
6
6
6
7
5
5
4
3
1
-1
-3
-2
-1
0
-2
-6
-11
-8
-4
0
2
0
-8
-10
-10
-8
-3
2
4
0
-5
-9
-10
-7
1
3
4
1
-3
-7
-9
-7
-3
2
3
2
-3
-2
1
6
8
6
5
4
3
3
4
5
4
3
2
0
2
4
4
1
-5
-9
-9
-6
5
7
8
6
2
-4
-8
-4
1
6
7
4
-5
-8
-9
-6
-1
3
5
1
-3
7
16
22
-11
-11
-11
-8
-3
0
24
26
27
26
18
7
-19
-33
-43
-48
-51
-51
-46
-42
-38
-34
-30
-26
-21
-20
-19
-17
-16
-15
-6
1
6
12
18
24
39
47
53
56
54
50
38
30
22
14
7
2
4
10
13
13
9
2
-8
-8
-6
-2
3
4
-4
-11
-18
-21
-21
-19
-10
-6
0
3
2
-4
-5
-3
-1
1
1
0
1
4
6
5
3
-2
0
3
8
10
9
4
-7
-8
-6
-2
3
7
3
-3
-9
-13
-11
-8
3
9
13
13
10
5
-5
-4
-1
4
8
9
1
-4
-10
-12
-12
-10
-7
-7
-7
-7
-6
-6
-4
-3
-1
2
4
3
-3
-4
-3
1
6
9
3
-3
-6
-6
-3
1
7
5
0
-5
-8
-6
0
4
8
10
10
6
-5
-4
-2
2
6
7
1
-5
-10
-13
-10
-6
2
3
1
-2
-4
-3
4
9
11
8
2
-1
-3
-2
-1
1
-2
-4
-6
-5
-1
4
7
5
-3
-6
-8
-6
-2
5
10
8
4
-3
-5
-5
4
10
15
16
15
10
-3
-7
-10
-10
-7
-1
4
3
-2
-8
-10
-9
-4
0
4
3
0
-4
-2
1
3
2
-2
-7
-11
-10
-9
-9
-8
-8
-6
-4
-3
-3
-5
-4
-1
0
2
0
-2
-3
3
8
13
13
9
5
-4
-3
0
5
6
5
-3
-6
-8
-6
-2
4
11
9
4
-2
-4
-3
3
4
4
1
-3
-5
1
6
10
7
-1
-7
-9
-5
1
7
10
10
8
8
7
-1
-9
-14
-83
-93
-99
-99
-94
-86
-62
-49
-33
-16
1
19
50
65
79
93
103
109
106
100
94
86
79
70
53
44
35
26
17
8
-8
-17
-26
-36
-44
-48
-47
-45
-41
-37
-33
-30
-21
-16
-12
-9
-8
-7
-7
-9
-8
-6
-2
4
5
1
-3
-8
-9
-6
3
6
7
5
2
-2
-3
-1
6
9
9
6
-4
-7
-8
-7
-3
2
2
-3
-8
-12
-12
-10
-4
1
5
5
3
0
-4
0
5
10
11
9
1
-4
-6
-5
0
4
4
0
-5
-8
-7
-3
7
7
4
0
-5
-7
-1
5
10
11
7
3
-5
-3
0
4
6
4
-4
-7
-7
-3
2
6
3
-1
-6
-7
-5
-2
1
-2
-6
-9
-9
-5
5
7
8
6
1
-4
-2
2
6
8
7
3
-8
-10
-9
-5
3
9
12
9
4
-1
-3
-1
5
4
-1
-5
-7
-5
3
4
4
1
-4
-7
0
5
10
9
6
1
-3
0
6
11
12
9
0
-5
-8
-6
-1
3
2
0
-3
-3
1
4
1
-4
-8
-9
-7
-2
4
3
-1
-5
-7
-5
2
3
4
2
-2
-7
-6
-3
2
5
3
-2
-9
-7
-4
1
2
0
-9
-7
-4
0
1
0
-4
-5
-5
-2
2
7
4
-1
-6
-7
-4
0
6
4
0
-6
-8
-6
3
6
6
4
0
-4
-4
0
5
11
12
10
-1
-8
-14
-15
-12
-9
1
3
3
16
20
21
-65
-65
-64
-54
-44
-29
77
90
102
105
104
99
85
77
70
63
57
52
44
40
37
34
32
29
24
22
19
16
13
10
4
0
-4
-7
-12
-16
-26
-30
-34
-38
-43
-48
-58
-61
-63
-60
-56
-51
-38
-30
-23
-20
-21
-24
-25
-21
-16
-10
-8
-9
-14
-13
-10
-4
1
4
1
-5
-10
-13
-13
-10
-1
2
2
1
-2
-7
-5
0
6
10
11
10
5
0
-4
-5
-2
2
3
0
-4
-6
-4
1
9
8
5
0
-4
-5
2
7
11
10
6
0
-9
-8
-5
-2
-2
-4
-11
-9
-6
-2
0
0
-5
-7
-8
-6
-3
1
1
-2
-6
-8
-7
-4
7
11
14
14
12
9
0
-4
-6
-1
5
11
13
11
7
3
0
-1
4
7
9
7
5
0
-9
-10
-5
-1
3
2
-5
-8
-9
-6
-1
4
4
0
-6
-11
-11
-9
2
9
14
16
14
9
-3
-5
-7
-4
-1
2
-4
-9
-14
-14
-11
-5
9
12
11
8
1
-7
-9
-7
-2
3
4
3
-6
-8
-9
-5
0
5
5
0
-7
-12
-12
-9
3
7
14
8
5
0
-3
1
7
11
13
9
-2
-7
-9
-8
-5
1
8
8
3
-3
-7
-8
-1
5
10
10
7
4
-2
-2
0
3
5
3
-3
-4
-4
0
6
9
5
2
-2
-2
2
8
10
8
3
-1
-4
-2
6
7
4
-1
-6
-8
-2
4
10
13
11
5
-7
-8
-5
-1
4
6
2
-3
-8
-10
-8
-4
4
3
0
-3
-3
0
5
1
-6
-11
-11
-7
5
5
2
-3
-7
-5
-50
-50
-49
-42
-32
-19
49
54
58
59
53
44
24
15
5
-3
-10
-16
-19
-12
-2
10
17
20
22
22
22
22
21
20
16
15
14
15
17
20
26
30
33
36
39
42
46
47
48
48
49
49
47
45
43
40
38
36
36
36
37
37
37
38
38
40
42
43
43
42
41
41
41
40
40
39
37
36
35
34
32
31
28
26
25
22
19
16
11
10
9
8
7
6
3
0
-1
-3
-6
-8
-11
-12
-14
-15
-17
-18
-20
-22
-23
-26
-27
-29
-30
-31
-33
-34
-35
-37
-39
-40
-40
-41
-41
-41
-39
-35
-31
-28
-26
-24
-21
-21
-21
-21
-19
-17
-9
-6
-2
1
5
9
-52
-52
-51
-43
-35
-22
50
55
60
65
68
65
49
39
31
22
14
5
-11
-18
-26
-33
-37
-35
-24
-17
-11
-7
-7
-8
-4
2
9
10
10
10
12
15
18
20
22
24
27
29
31
33
34
36
39
40
41
41
42
40
38
37
36
34
33
32
30
29
28
27
26
26
26
25
23
22
20
20
17
16
14
13
12
10
6
4
2
-1
-5
-9
-17
-20
-23
-26
-29
-31
-36
-40
-41
-40
-37
-33
-27
-29
-34
-36
-35
-31
