1660035666,21742
1660035666,51902
1660035666,53375
1660035666,55439
1660035666,56598
1660035666,58177
1660035666,6161
1660035666,62688
1660035666,6513
1660035666,68377
1660035666,71597
1660035666,74941
1660035666,81921
1660035666,84933
1660035666,88274
1660035666,91694
1660035666,95033
1660035666,98536
1660035667,05356
1660035667,08242
1660035667,11587
1660035667,15176
1660035667,18229
1660035667,2156
1660035667,28447
1660035667,31668
1660035667,34852
1660035667,38249
1660035667,4149
1660035667,44824
1660035667,51816
1660035667,54849
1660035667,58207
1660035667,61674
1660035667,6501
1660035667,68168
1660035667,75268
1660035667,78202
1660035667,8167
1660035667,84947
1660035667,88198
1660035667,9146
1660035667,9884
1660035668,01826
1660035668,04881
1660035668,08302
1660035668,11571
1660035668,14988
1660035668,21705
1660035668,24824
1660035668,28246
1660035668,31913
1660035668,34882
1660035668,38347
1660035668,44934
1660035668,48275
1660035668,5146
1660035668,55008
1660035668,58096
1660035668,61497
1660035668,68256
1660035668,71468
1660035668,74778
1660035668,7823
1660035668,81626
1660035668,84785
1660035668,91611
1660035668,9485
1660035668,98315
1660035669,01552
1660035669,04772
1660035669,08109
1660035669,15119
1660035669,18164
1660035669,21476
1660035669,2492
1660035669,28128
1660035669,31796
1660035669,38135
1660035669,41377
1660035669,448
1660035669,4831
1660035669,51375
1660035669,54701
1660035669,61547
1660035669,64899
1660035669,68069
1660035669,71461
1660035669,74692
1660035669,78019
1660035669,84779
1660035669,88587
1660035669,91472
1660035669,9516
1660035669,982
1660035670,01401
1660035670,08458
1660035670,11345
1660035670,15031
1660035670,18141
1660035670,21332
1660035670,24666
1660035670,31626
1660035670,34665
1660035670,38028
1660035670,41476
1660035670,44657
1660035670,48171
1660035670,55081
1660035670,58047
1660035670,6141
1660035670,64948
1660035670,67995
1660035670,71399
1660035670,78337
1660035670,81479
1660035670,84971
1660035670,88201
1660035670,91326
1660035670,947
1660035671,01797
1660035671,0493
1660035671,08222
1660035671,11398
1660035671,14831
1660035671,1798
1660035671,24699
1660035671,28047
1660035671,31911
1660035671,35029
1660035671,38009
1660035671,41274
1660035671,48279
1660035671,51262
1660035671,54626
1660035671,58029
1660035671,61335
1660035671,64764
1660035671,71402
1660035671,74686
1660035671,78191
1660035671,81628
1660035671,84665
1660035671,88039
1660035671,9479
1660035671,98282
1660035672,01343
1660035672,04742
1660035672,0797
1660035672,11319
1660035672,18055
1660035672,2128
1660035672,24643
1660035672,28143
1660035672,3146
1660035672,34591
1660035672,4138
1660035672,44597
1660035672,48145
1660035672,51368
1660035672,54544
1660035672,57891
1660035672,65002
1660035672,68169
1660035672,7155
1660035672,7492
1660035672,77925
1660035672,81418
1660035672,88288
1660035672,91399
1660035672,94659
1660035672,98131
1660035673,01222
1660035673,04522
1660035673,11448
1660035673,14738
1660035673,17949
1660035673,21322
1660035673,2455
1660035673,27955
1660035673,34827
1660035673,38061
1660035673,41431
1660035673,44869
1660035673,48823
1660035673,5199
1660035673,57949
1660035673,6122
1660035673,64717
1660035673,68105
1660035673,71309
1660035673,7452
1660035673,81878
1660035673,84762
1660035673,88119
1660035673,9163
1660035673,94812
1660035673,98264
1660035674,04846
1660035674,08068
1660035674,1143
1660035674,1473
1660035674,17809
1660035674,21221
1660035674,28345
1660035674,31623
1660035674,34752
1660035674,38161
1660035674,41388
1660035674,44598
1660035674,51538
1660035674,54597
1660035674,58119
1660035674,61406
1660035674,64895
1660035674,68095
1660035674,74838
1660035674,78103
1660035674,81294
1660035674,84659
1660035674,87766
1660035674,9109
1660035674,98213
1660035675,01094
1660035675,04449
1660035675,07848
1660035675,1114
1660035675,14586
1660035675,21201
1660035675,24491
1660035675,27833
1660035675,31345
1660035675,34397
1660035675,37731
1660035675,44483
1660035675,47906
1660035675,51086
1660035675,54482
1660035675,57771
1660035675,61251
1660035675,68084
1660035675,71368
1660035675,74871
1660035675,78076
1660035675,81263
1660035675,84435
1660035675,91168
1660035675,94723
1660035675,97929
1660035676,01123
1660035676,04353
1660035676,07691
1660035676,14772
1660035676,17741
1660035676,21136
1660035676,24593
1660035676,27822
1660035676,31398
1660035676,38066
1660035676,41429
1660035676,44404
1660035676,48229
1660035676,51408
1660035676,54626
1660035676,61457
1660035676,64549
1660035676,67731
1660035676,71108
1660035676,7435
1660035676,77709
1660035676,84447
1660035676,87675
1660035676,91045
1660035676,94513
1660035676,97857
1660035677,01006
1660035677,07764
1660035677,11007
1660035677,14549
1660035677,17774
1660035677,20994
1660035677,24322
1660035677,31299
1660035677,3429
1660035677,37642
1660035677,41046
1660035677,4433
1660035677,47829
1660035677,54411
1660035677,57645
1660035677,61091
1660035677,64577
1660035677,67732
1660035677,7098
1660035677,7782
1660035677,8118
1660035677,84347
1660035677,87871
1660035677,90954
1660035677,94352
1660035784,76194
1660035785,08816
1660035785,10105
1660035785,11602
1660035785,12845
1660035785,14093
1660035785,17973
1660035785,18704
1660035785,19782
1660035785,22886
1660035785,26071
1660035785,29436
1660035785,36488
1660035785,39609
1660035785,42682
1660035785,46139
1660035785,4955
1660035785,52835
1660035785,59559
1660035785,62646
1660035785,65993
1660035785,69827
1660035785,72973
1660035785,762
1660035785,83535
1660035785,86207
1660035785,89328
1660035785,9272
1660035785,95964
1660035785,99295
1660035786,06306
1660035786,09376
1660035786,12677
1660035786,16171
1660035786,19481
1660035786,2264
1660035786,29587
1660035786,32649
1660035786,36394
1660035786,39426
1660035786,42665
1660035786,46039
1660035786,53028
1660035786,56044
1660035786,59339
1660035786,62776
1660035786,65974
1660035786,6949
1660035786,76649
1660035786,79401
1660035786,82675
1660035786,86171
1660035786,89254
1660035786,9259
1660035786,99875
1660035787,0302
1660035787,06085
1660035787,09364
1660035787,12567
1660035787,15982
1660035787,22883
1660035787,26014
1660035787,2928
1660035787,33047
1660035787,36351
1660035787,39535
1660035787,46394
1660035787,49623
1660035787,53074
1660035787,56028
1660035787,59188
1660035787,62567
1660035787,69905
1660035787,72584
1660035787,76185
1660035787,79432
1660035787,82617
1660035787,86221
1660035787,92915
1660035787,9597
1660035787,99529
1660035788,03073
1660035788,06113
1660035788,09451
1660035788,16519
1660035788,19359
1660035788,22801
1660035788,26232
1660035788,29274
1660035788,32507
1660035788,39318
1660035788,42526
1660035788,45831
1660035788,49315
1660035788,52654
1660035788,55811
1660035788,62821
1660035788,6591
1660035788,69607
1660035788,72778
1660035788,75802
1660035788,79172
1660035788,86398
1660035788,8913
1660035788,92737
1660035788,9641
1660035788,99254
1660035789,02633
1660035789,09214
1660035789,12573
1660035789,16281
1660035789,19799
1660035789,22792
1660035789,26182
1660035789,32882
1660035789,36393
1660035789,39409
1660035789,42825
1660035789,46206
1660035789,494
1660035789,55853
1660035789,5915
1660035789,62715
1660035789,66211
1660035789,69291
1660035789,72439
1660035789,79208
1660035789,82509
1660035789,85971
1660035789,89271
1660035789,92783
1660035789,96114
1660035790,03074
1660035790,05887
1660035790,09159
1660035790,12734
1660035790,16104
1660035790,19266
1660035790,26145
1660035790,30022
1660035790,3241
1660035790,3613
1660035790,3931
1660035790,42602
1660035790,4925
1660035790,52672
1660035790,55753
1660035790,59128
1660035790,62366
1660035790,65705
1660035790,72692
1660035790,75784
1660035790,7908
1660035790,82535
1660035790,85859
1660035790,8902
1660035790,95844
1660035790,99117
1660035791,02634
1660035791,05861
1660035791,09289
1660035791,12605
1660035791,19718
1660035791,22339
1660035791,25828
1660035791,29531
1660035791,32362
1660035791,3584
1660035791,42545
1660035791,45938
1660035791,49374
1660035791,52893
1660035791,55805
1660035791,5898
1660035791,65793
1660035791,69212
1660035791,72373
1660035791,75784
1660035791,79026
1660035791,82398
1660035791,89289
1660035791,92321
1660035791,95703
1660035791,99834
1660035792,02747
1660035792,05905
1660035792,12912
1660035792,15992
1660035792,19192
1660035792,22446
1660035792,25658
1660035792,2898
1660035792,35942
1660035792,38992
1660035792,42384
1660035792,4595
1660035792,49006
1660035792,52452
1660035792,59504
1660035792,62289
1660035792,65667
1660035792,69255
1660035792,7228
1660035792,75631
1660035792,82499
1660035792,85789
1660035792,88938
1660035792,92354
1660035792,95568
1660035792,98893
1660035793,0587
1660035793,08985
1660035793,12457
1660035793,15821
1660035793,19076
1660035793,22666
1660035793,29362
1660035793,32607
1660035793,35767
1660035793,39026
1660035793,4222
1660035793,45553
1660035793,52625
1660035793,55827
1660035793,59185
1660035793,62602
1660035793,65802
1660035793,69202
1660035793,75635
1660035793,7894
1660035793,82569
1660035793,85823
1660035793,88855
1660035793,92187
1660035793,99072
1660035794,02387
1660035794,05568
1660035794,09122
1660035794,12197
1660035794,15576
1660035794,22428
1660035794,25573
1660035794,28919
1660035794,32331
1660035794,35726
1660035794,39174
1660035794,45934
1660035794,48927
1660035794,52369
1660035794,55607
1660035794,58932
1660035794,62445
1660035794,69121
1660035794,72239
1660035794,75716
1660035794,79312
1660035794,82548
1660035794,85798
1660163291,95975
1660163292,25886
1660163292,27261
1660163292,28938
1660163292,35886
1660163292,36642
1660163292,3904
1660163292,39686
1660163292,40625
1660163292,42644
1660163292,45799
1660163292,49176
1660163292,56302
1660163292,59157
1660163292,62504
1660163292,66159
1660163292,69217
1660163292,72642
1660163292,79507
1660163292,82662
1660163292,85832
1660163292,89648
1660163292,92628
1660163292,95728
1660163293,0279
1660163293,05913
1660163293,09101
1660163293,125
1660163293,15731
1660163293,19062
1660163293,25836
1660163293,29047
1660163293,32423
1660163293,36207
1660163293,39441
1660163293,42661
1660163293,49423
1660163293,52383
1660163293,55907
1660163293,59154
1660163293,62377
1660163293,65708
1660163293,7287
1660163293,75873
1660163293,79266
1660163293,82835
1660163293,86057
1660163293,89649
1660163293,96086
1660163293,99219
1660163294,02656
1660163294,06487
1660163294,09277
1660163294,12578
1660163294,19358
1660163294,22687
1660163294,26214
1660163294,29715
1660163294,32547
1660163294,36065
1660163294,42718
1660163294,45904
1660163294,49276
1660163294,52745
1660163294,56083
1660163294,59179
1660163294,65996
1660163294,69352
1660163294,72815
1660163294,76099
1660163294,79306
1660163294,82629
1660163294,89594
1660163294,92481
1660163294,95848
1660163294,9953
1660163295,02774
1660163295,06309
1660163295,13151
1660163295,15771
1660163295,19206
1660163295,22752
1660163295,25796
1660163295,29165
1660163295,3606
1660163295,39349
1660163295,42555
1660163295,46013
1660163295,49113
1660163295,52453
1660163295,59318
1660163295,62476
1660163295,65912
1660163295,69337
1660163295,72636
1660163295,75802
1660163295,82696
1660163295,85932
1660163295,89322
1660163295,9265
1660163295,95919
1660163295,99811
1660163296,06601
1660163296,08975
1660163296,12346
1660163296,15725
1660163296,19072
1660163296,2241
1660163296,29276
1660163296,32518
1660163296,35938
1660163296,39524
1660163296,42502
1660163296,45827
1660163296,52598
1660163296,55829
1660163296,59056
1660163296,62597
1660163296,65835
1660163296,69027
1660163296,7595
1660163296,7903
1660163296,82522
1660163296,85924
1660163296,89329
1660163296,92517
1660163296,9905
1660163297,0257
1660163297,05867
1660163297,09241
1660163297,12524
1660163297,15787
1660163297,22654
1660163297,25798
1660163297,29189
1660163297,32566
1660163297,35571
1660163297,39342
1660163297,45852
1660163297,49102
1660163297,5226
1660163297,56067
1660163297,59029
1660163297,62231
1660163297,6918
1660163297,7233
1660163297,75715
1660163297,79051
1660163297,82238
1660163297,85594
1660163297,92652
1660163297,95768
1660163297,99123
1660163298,02652
1660163298,0583
1660163298,08787
1660163298,15836
1660163298,19089
1660163298,22662
1660163298,25854
1660163298,2903
1660163298,32241
1660163298,39345
1660163298,42282
1660163298,45535
1660163298,4918
1660163298,52262
1660163298,55653
1660163298,62453
1660163298,65486
1660163298,69087
1660163298,72679
1660163298,75502
1660163298,7881
1660163298,85614
1660163298,8897
1660163298,92161
1660163298,95588
1660163298,9896
1660163299,02482
1660163299,09145
1660163299,12201
1660163299,15655
1660163299,19369
1660163299,22549
1660163299,25693
1660163299,32223
1660163299,3547
1660163299,39102
1660163299,42291
1660163299,45411
1660163299,48739
1660163299,55952
1660163299,5875
1660163299,62254
1660163299,65792
1660163299,69028
1660163299,72529
1660163299,79054
1660163299,82228
1660163299,8585
1660163299,89055
1660163299,9234
1660163299,95737
1660163300,02292
1660163300,0579
1660163300,08817
1660163300,12264
1660163300,15445
1660163300,18752
1660163300,2551
1660163300,28712
1660163300,32091
1660163300,35563
1660163300,38914
1660163300,42057
1660163300,48808
1660163300,52055
1660163300,5559
1660163300,58839
1660163300,62041
1660163300,65375
1660163300,72299
1660163300,75706
1660163300,79062
1660163300,82279
1660163300,85355
1660163300,88862
1660163300,95714
1660163300,99009
1660163301,02266
1660163301,05938
1660163301,09571
1660163301,12729
1660163301,19125
1660163301,22621
1660163301,25902
1660163301,2912
1660163301,32196
1660163301,35627
1660163301,42295
1660163301,45512
1660163301,48932
1660163301,52327
1660163301,55665
1660163301,58883
1660163301,66216
1660163301,69032
1660163301,72271
1660163301,75457
1660163301,78718
1660163301,81966
1660163301,89376
1660163301,92249
1660163301,95381
1660163301,99061
1660163302,02407
1660163302,05845
1660163302,12252
1660163302,15277
1660163302,18694
1660163302,22298
1660163302,25428
1660163302,28614
1660163302,35445
1660163302,38796
1660163302,41975
1660163302,45405
1660163302,48613
1660163302,51954
1660163302,5901
1660163302,62322
1660163302,65318
1660163302,68826
1660163302,72232
1660163302,75278
1660163302,82254
1660163302,85427
1660163302,88987
1660163302,92285
1660163302,95428
1660163302,98778
1660163303,05842
1660163303,08634
1660163303,1225
1660163303,15452
1660163303,18924
1660163303,22228
1660163303,28992
1660163303,32209
1660163303,35632
1660163303,39057
1660163303,42196
1660163303,45532
1660163303,52254
1660163303,55707
1660163303,58695
1660163303,62146
1660163303,65292
1660163303,68659
1660163303,75372
1660163303,78629
1660163303,81918
1660163303,85341
1660163303,88737
1660163303,91899
1660163303,98651
1660163304,01959
1660163304,05446
1660163304,08647
1660163304,11887
1660163304,15201
1660163347,28266
1660163347,58725
1660163347,60933
1660163347,62594
1660163347,638
1660163347,65028
1660163347,68553
1660163347,69728
1660163347,71831
1660163347,75104
1660163347,78298
1660163347,81641
1660163347,88594
1660163347,91627
1660163347,95011
1660163347,98414
1660163348,01707
1660163348,05032
1660163348,11428
1660163348,14649
1660163348,18013
1660163348,21901
1660163348,24986
1660163348,28255
1660163348,35118
1660163348,38521
1660163348,41457
1660163348,45034
1660163348,4829
1660163348,51431
1660163348,58013
1660163348,6127
1660163348,64666
1660163348,68077
1660163348,71671
1660163348,74629
1660163348,81336
1660163348,84587
1660163348,88168
1660163348,91404
1660163348,94614
1660163348,97948
1660163349,05247
1660163349,08228
1660163349,11274
1660163349,14669
1660163349,17925
1660163349,2143
1660163349,27997
1660163349,31252
1660163349,34658
1660163349,3826
1660163349,41306
1660163349,44634
1660163349,51455
1660163349,55048
1660163349,58145
1660163349,6134
1660163349,64589
1660163349,68092
1660163349,7469
1660163349,78053
1660163349,81277
1660163349,8469
1660163349,88253
1660163349,91239
1660163349,98016
1660163350,01296
1660163350,04769
1660163350,08017
1660163350,1126
1660163350,14557
1660163350,21504
1660163350,24555
1660163350,27886
1660163350,31268
1660163350,34614
1660163350,38055
1660163350,4496
1660163350,48215
1660163350,51478
1660163350,54812
1660163350,57872
1660163350,6134
1660163350,68231
1660163350,71345
1660163350,74573
1660163350,78108
1660163350,81397
1660163350,84542
1660163350,91315
1660163350,94572
1660163350,97887
1660163351,01373
1660163351,04723
1660163351,07839
1660163351,14673
1660163351,17873
1660163351,21388
1660163351,24617
1660163351,27847
1660163351,3121
1660163351,38115
1660163351,41205
1660163351,44597
1660163351,47963
1660163351,51316
1660163351,5473
1660163351,61336
1660163351,64487
1660163351,67928
1660163351,71861
1660163351,74654
1660163351,77967
1660163351,84631
1660163351,87964
1660163351,91142
1660163351,94534
1660163351,97809
1660163352,01177
1660163352,07879
1660163352,11176
1660163352,14687
1660163352,18237
1660163352,21428
1660163352,24447
1660163352,31167
1660163352,34514
1660163352,37986
1660163352,41219
1660163352,44506
1660163352,47818
1660163352,54737
1660163352,57789
1660163352,61155
1660163352,64569
1660163352,6787
1660163352,71327
1660163352,77928
1660163352,8111
1660163352,84459
1660163352,88061
1660163352,91134
1660163352,94429
1660163353,01292
1660163353,04605
1660163353,07787
1660163353,11182
1660163353,14436
1660163353,17782
1660163353,24689
1660163353,27786
1660163353,31181
1660163353,34726
1660163353,37974
1660163353,41143
1660163353,4785
1660163353,51079
1660163353,54766
1660163353,5786
1660163353,61093
1660163353,64401
1660163353,71366
1660163353,7439
1660163353,77741
1660163353,81155
1660163353,84445
1660163353,88081
1660163353,94649
1660163353,97747
1660163354,01273
1660163354,05039
1660163354,07689
1660163354,11067
1660163354,17737
1660163354,21191
1660163354,24373
1660163354,2775
1660163354,30997
1660163354,34403
1660163354,41068
1660163354,44319
1660163354,47735
1660163354,51129
1660163354,54529
1660163354,582
1660163354,6498
1660163354,68138
1660163354,71248
1660163354,74438
1660163354,77696
1660163354,81002
1660163354,87946
1660163354,91017
1660163354,94355
1660163354,97748
1660163355,01077
1660163355,04553
1660163355,11408
1660163355,14653
1660163355,17716
1660163355,21251
1660163355,24303
1660163355,27653
1660163355,34485
1660163355,38073
1660163355,41024
1660163355,44431
1660163355,47729
1660163355,50976
1660163355,57893
1660163355,60967
1660163355,64428
1660163355,67805
1660163355,7117
1660163355,74301
1660163355,81099
1660163355,84352
1660163355,87846
1660163355,91078
1660163355,94323
1660163355,97667
1660163356,04594
1660163356,07632
1660163356,11025
1660163356,14411
1660163356,17614
1660163356,21191
1660163356,27728
1660163356,30925
1660163356,34373
1660163356,37894
1660163356,40925
1660163356,44263
1660163356,51092
1660163356,54472
1660163356,57655
1660163356,61066
1660163356,64307
1660163356,6768
1660163356,74418
1660163356,77662
1660163356,80959
1660163356,8439
1660163356,87815
1660163356,90984
1660163356,97662
1660163357,00947
1660163357,04461
1660163357,07659
1660163357,10896
1660163357,14243
1660163357,21407
1660163357,24473
1660163357,27844
1660163357,31394
1660163357,34545
1660163357,37975
1660163357,44606
1660163357,47847
1660163357,51038
1660163357,5449
1660163357,57573
1660163357,60873
1660163357,677
1660163357,7122
1660163357,74196
1660163357,77596
1660163357,8084
1660163357,8418
1660163357,90905
1660163357,94175
1660163357,97544
1660163358,0101
1660163358,04355
1660163358,07528
1660163358,14262
1660163358,17522
1660163358,21239
1660163358,24595
1660163358,2784
1660163358,30885
1660163358,38106
1660163358,41089
1660163358,44438
1660163358,47908
1660163358,511
1660163358,54589
1660163358,61057
1660163358,64204
1660163358,6759
1660163358,71079
1660163358,74159
1660163358,77508
1660163910,28211
1660163910,58626
1660163910,60132
1660163910,62072
1660163910,63449
1660163910,64486
1660163910,6721
1660163910,69588
1660163910,71803
1660163910,75046
1660163910,78045
1660163910,81427
1660163910,88643
1660163910,91434
1660163910,94693
1660163910,98086
1660163911,01419
1660163911,04832
1660163911,11558
1660163911,14941
1660163911,18095
1660163911,21749
1660163911,249
1660163911,28236
1660163911,35033
1660163911,38228
1660163911,41453
1660163911,4495
1660163911,48214
1660163911,51488
1660163911,58395
1660163911,61883
1660163911,65012
1660163911,68232
1660163911,71542
1660163911,74636
1660163911,81514
1660163911,84611
1660163911,88157
1660163911,91381
1660163911,94615
1660163911,97927
1660163912,05082
1660163912,0797
1660163912,11338
1660163912,14724
1660163912,17975
1660163912,21472
1660163912,283
1660163912,31435
1660163912,34965
1660163912,38237
1660163912,41446
1660163912,44639
1660163912,51354
1660163912,54802
1660163912,5798
1660163912,61372
1660163912,64602
1660163912,68011
1660163912,74706
1660163912,77934
1660163912,8129
1660163912,84691
1660163912,88102
1660163912,91248
1660163912,98079
1660163913,01329
1660163913,04801
1660163913,08028
1660163913,11264
1660163913,1459
1660163913,21521
1660163913,24617
1660163913,27949
1660163913,31347
1660163913,34659
1660163913,38093
1660163913,44652
1660163913,47898
1660163913,51259
1660163913,54826
1660163913,5789
1660163913,61233
1660163913,68059
1660163913,71367
1660163913,74639
1660163913,77948
1660163913,81229
1660163913,84811
1660163913,91433
1660163913,94628
1660163913,98135
1660163914,01607
1660163914,05016
1660163914,08116
1660163914,14922
1660163914,18121
1660163914,21633
1660163914,24633
1660163914,28113
1660163914,31168
1660163914,3807
1660163914,41277
1660163914,44721
1660163914,48236
1660163914,51432
1660163914,54946
1660163914,61532
1660163914,6463
1660163914,68194
1660163914,71742
1660163914,7475
1660163914,7783
1660163914,84632
1660163914,88231
1660163914,91424
1660163914,94825
1660163914,9812
1660163915,01473
1660163915,08187
1660163915,11399
1660163915,14657
1660163915,18149
1660163915,21575
1660163915,24772
1660163915,31457
1660163915,34834
1660163915,38253
1660163915,41434
1660163915,44714
1660163915,48053
1660163915,55016
1660163915,57834
1660163915,61437
1660163915,64793
1660163915,68106
1660163915,71572
1660163915,78167
1660163915,81355
1660163915,84737
1660163915,88237
1660163915,91375
1660163915,94712
1660163916,01588
1660163916,04951
1660163916,07865
1660163916,11141
1660163916,14396
1660163916,17728
1660163916,24507
1660163916,27759
1660163916,31118
1660163916,34613
1660163916,37888
1660163916,41055
1660163916,48154
1660163916,51362
1660163916,5467
1660163916,58141
1660163916,61319
1660163916,64657
1660163916,71474
1660163916,74499
1660163916,77949
1660163916,81445
1660163916,846
1660163916,88084
1660163916,94719
1660163916,97873
1660163917,013
1660163917,04835
1660163917,07955
1660163917,11236
1660163917,18091
1660163917,21366
1660163917,2456
1660163917,27965
1660163917,31172
1660163917,34628
1660163917,41339
1660163917,44595
1660163917,47895
1660163917,51339
1660163917,54738
1660163917,57863
1660163917,64676
1660163917,67897
1660163917,71398
1660163917,74613
1660163917,77825
1660163917,81346
1660163917,88171
1660163917,91206
1660163917,94565
1660163917,97962
1660163918,01218
1660163918,04674
1660163918,11243
1660163918,14466
1660163918,17852
1660163918,21446
1660163918,24458
1660163918,27831
1660163918,34761
1660163918,37967
1660163918,41161
1660163918,44637
1660163918,47826
1660163918,51148
1660163918,57959
1660163918,61196
1660163918,64514
1660163918,6796
1660163918,71357
1660163918,7443
1660163918,81374
1660163918,84498
1660163918,87981
1660163918,91254
1660163918,94437
1660163918,97877
1660163919,04773
1660163919,07724
1660163919,11102
1660163919,14488
1660163919,17738
1660163919,21252
1660163919,27923
1660163919,31105
1660163919,34572
1660163919,38043
1660163919,41078
1660163919,44397
1660163919,51723
1660163919,55084
1660163919,57934
1660163919,61494
1660163919,64495
1660163919,67795
1660163919,75004
1660163919,78189
1660163919,81132
1660163919,84905
1660163919,87936
1660163919,91101
1660163919,98415
1660163920,01501
1660163920,05026
1660163920,08003
1660163920,11038
1660163920,14384
1660163920,21529
1660163920,24361
1660163920,27751
1660163920,3116
1660163920,34426
1660163920,37883
1660163920,44532
1660163920,4772
1660163920,51049
1660163920,54752
1660163920,57749
1660163920,61127
1660163920,68277
1660163920,71253
1660163920,74417
1660163920,7798
1660163920,81113
1660163920,84447
1660163920,91175
1660163920,9438
1660163920,97754
1660163921,01435
1660163921,04816
1660163921,0819
1660163921,14577
1660163921,17501
1660163921,21068
1660163921,24538
1660163921,27861
1660163921,31045
1660163921,38135
1660163921,41143
1660163921,44522
1660163921,47913
1660163921,5109
1660163921,54573
1660164158,75918
1660164159,09647
1660164159,11137
1660164159,12545
1660164159,13648
1660164159,14753
1660164159,17916
1660164159,19508
1660164159,22536
1660164159,25891
1660164159,29314
1660164159,32776
1660164159,39391
1660164159,42373
1660164159,45757
1660164159,49211
1660164159,52637
1660164159,5569
1660164159,62643
1660164159,65849
1660164159,69259
1660164159,7247
1660164159,75742
1660164159,79055
1660164159,85988
1660164159,89055
1660164159,92412
1660164159,95987
1660164159,99352
1660164160,02655
1660164160,0943
1660164160,12658
1660164160,1624
1660164160,19615
1660164160,2267
1660164160,25949
1660164160,32415
1660164160,35977
1660164160,39011
1660164160,42426
1660164160,45661
1660164160,49052
1660164160,55749
1660164160,58987
1660164160,62348
1660164160,65732
1660164160,69178
1660164160,72302
1660164160,79185
1660164160,8239
1660164160,85852
1660164160,8909
1660164160,92343
1660164160,95806
1660164161,02646
1660164161,05617
1660164161,08998
1660164161,12482
1660164161,15853
1660164161,19162
1660164161,25753
1660164161,28975
1660164161,32353
1660164161,35952
1660164161,38995
1660164161,42308
1660164161,49158
1660164161,52484
1660164161,55673
1660164161,59065
1660164161,62322
1660164161,65625
1660164161,72381
1660164161,75623
1660164161,78973
1660164161,82444
1660164161,85796
1660164161,88955
1660164161,95695
1660164161,9906
1660164162,02502
1660164162,05695
1660164162,09036
1660164162,12226
1660164162,19307
1660164162,22359
1660164162,25825
1660164162,29044
1660164162,32502
1660164162,35722
1660164162,42623
1660164162,45831
1660164162,49111
1660164162,52583
1660164162,55664
1660164162,58948
1660164162,65669
1660164162,69086
1660164162,72267
1660164162,7566
1660164162,78892
1660164162,82309
1660164162,88985
1660164162,92232
1660164162,95603
1660164162,9898
1660164163,02441
1660164163,05646
1660164163,1264
1660164163,15582
1660164163,1908
1660164163,22319
1660164163,25547
1660164163,28865
1660164163,35974
1660164163,39159
1660164163,42266
1660164163,45585
1660164163,48937
1660164163,52342
1660164163,59043
1660164163,62202
1660164163,65568
1660164163,69125
1660164163,72176
1660164163,7553
1660164163,82551
1660164163,85679
1660164163,88876
1660164163,92352
1660164163,95506
1660164163,98828
1660164164,05586
1660164164,08823
1660164164,12194
1660164164,15672
1660164164,19011
1660164164,22289
1660164164,29065
1660164164,32197
1660164164,35727
1660164164,38954
1660164164,42173
1660164164,45492
1660164164,52418
1660164164,55479
1660164164,58839
1660164164,62226
1660164164,65469
1660164164,69002
1660164164,75549
1660164164,78789
1660164164,82245
1660164164,85736
1660164164,88793
1660164164,92107
1660164164,98897
1660164165,02305
1660164165,05492
1660164165,08889
1660164165,12114
1660164165,15508
1660164165,22221
1660164165,25434
1660164165,28797
1660164165,32202
1660164165,35629
1660164165,38765
1660164165,45509
1660164165,48838
1660164165,52309
1660164165,55516
1660164165,58752
1660164165,6209
1660164165,69018
1660164165,72072
1660164165,75528
1660164165,78836
1660164165,82138
1660164165,85726
1660164165,92254
1660164165,95393
1660164165,98757
1660164166,02351
1660164166,05723
1660164166,09065
1660164166,15786
1660164166,19067
1660164166,22262
1660164166,25747
1660164166,28947
1660164166,32254
1660164166,39054
1660164166,42267
1660164166,45624
1660164166,49063
1660164166,52431
1660164166,55585
1660164166,6239
1660164166,65564
1660164166,69139
1660164166,72389
1660164166,7557
1660164166,78898
1660164166,85886
1660164166,88887
1660164166,9227
1660164166,95732
1660164166,98899
1660164167,0239
1660164167,09125
1660164167,12182
1660164167,16153
1660164167,19554
1660164167,22239
1660164167,25745
1660164167,32718
1660164167,35705
1660164167,3889
1660164167,42285
1660164167,45643
1660164167,49186
1660164167,55757
1660164167,58849
1660164167,62258
1660164167,65673
1660164167,69114
1660164167,72198
1660164167,795
1660164167,82193
1660164167,85863
1660164167,88966
1660164167,92131
1660164167,95652
1660164168,02547
1660164168,05517
1660164168,08904
1660164168,12698
1660164168,16006
1660164168,19518
1660164168,25926
1660164168,28923
1660164168,32457
1660164168,36012
1660164168,39055
1660164168,42476
1660164168,49089
1660164168,52302
1660164168,55725
1660164168,58939
1660164168,62085
1660164168,65586
1660164168,72251
1660164168,75571
1660164168,78774
1660164168,82279
1660164168,85774
1660164168,88777
1660164168,95748
1660164168,98733
1660164169,02275
1660164169,05783
1660164169,08785
1660164169,12083
1660164169,1902
1660164169,22098
1660164169,25422
1660164169,28832
1660164169,32088
1660164169,35751
1660164169,42465
1660164169,45391
1660164169,48828
1660164169,52395
1660164169,55395
1660164169,58795
1660164169,65497
1660164169,68824
1660164169,72167
1660164169,75492
1660164169,78696
1660164169,82223
1660164169,88822
1660164169,92009
1660164169,9546
1660164169,98874
1660164170,02272
1660164170,05372
1660164170,12179
1660164170,15442
1660164170,18883
1660164170,22127
1660164170,25324
1660164170,28674
1660164170,35672
1660164170,38691
1660164170,42094
1660164170,45488
1660164170,48727
1660164170,52159
1660164170,59127
1660164170,62021
1660164170,65387
1660164170,69102
1660164170,7236
1660164170,75448
1660164170,82254
1660164170,85536
1660164170,88721
1660164170,92203
1660164170,95513
1660164170,9876
1660211016,9624
1660211017,31216
1660211017,32381
1660211017,33698
1660211017,3496
1660211017,36592
1660211017,40152
1660211017,41655
1660211017,43071
1660211017,46153
1660211017,49354
1660211017,52852
1660211017,59729
1660211017,62951
1660211017,66172
1660211017,69756
1660211017,73149
1660211017,76261
1660211017,82957
1660211017,86286
1660211017,89839
1660211017,92952
1660211017,96149
1660211017,99367
1660211018,06559
1660211018,09321
1660211018,12667
1660211018,1606
1660211018,19411
1660211018,22813
1660211018,2937
1660211018,32637
1660211018,36064
1660211018,39546
1660211018,42621
1660211018,4596
1660211018,52693
1660211018,56117
1660211018,59322
1660211018,62699
1660211018,65936
1660211018,69342
1660211018,76377
1660211018,79507
1660211018,82861
1660211018,86346
1660211018,89612
1660211018,92773
1660211018,99565
1660211019,0286
1660211019,06307
1660211019,09554
1660211019,12775
1660211019,16287
1660211019,23433
1660211019,26259
1660211019,29425
1660211019,32843
1660211019,36312
1660211019,39638
1660211019,46674
1660211019,49823
1660211019,53045
1660211019,57026
1660211019,59468
1660211019,62785
1660211019,696
1660211019,72912
1660211019,76255
1660211019,79582
1660211019,82768
1660211019,86343
1660211019,9303
1660211019,96166
1660211019,99269
1660211020,02732
1660211020,06083
1660211020,09221
1660211020,15975
1660211020,19226
1660211020,22747
1660211020,25977
1660211020,2921
1660211020,32559
1660211020,39778
1660211020,42555
1660211020,46074
1660211020,49642
1660211020,52853
1660211020,56003
1660211020,62875
1660211020,66113
1660211020,69529
1660211020,72953
1660211020,76113
1660211020,7943
1660211020,8619
1660211020,89607
1660211020,92576
1660211020,96155
1660211020,99432
1660211021,0284
1660211021,09354
1660211021,12764
1660211021,16151
1660211021,19355
1660211021,22645
1660211021,25812
1660211021,32977
1660211021,3644
1660211021,39677
1660211021,42819
1660211021,46088
1660211021,49348
1660211021,56081
1660211021,59299
1660211021,62502
1660211021,65911
1660211021,69277
1660211021,72649
1660211021,79382
1660211021,82483
1660211021,85856
1660211021,89539
1660211021,92513
1660211021,95823
1660211022,0265
1660211022,06007
1660211022,0916
1660211022,12549
1660211022,15823
1660211022,19137
1660211022,25917
1660211022,29142
1660211022,32488
1660211022,35989
1660211022,39291
1660211022,4244
1660211043,45412
1660211043,76844
1660211043,79279
1660211043,81348
1660211043,82963
1660211043,84917
1660211043,89673
1660211043,90442
1660211043,91385
1660211043,92321
1660211043,95206
1660211043,98552
1660211044,05956
1660211044,08564
1660211044,11906
1660211044,15297
1660211044,1862
1660211044,22041
1660211044,28619
1660211044,32084
1660211044,35213
1660211044,38825
1660211044,4204
1660211044,45235
1660211044,52219
1660211044,55437
1660211044,58739
1660211044,6215
1660211044,65464
1660211044,6852
1660211044,75261
1660211044,78527
1660211044,8188
1660211044,85334
1660211044,88716
1660211044,91892
1660211044,98624
1660211045,01917
1660211045,05413
1660211045,08629
1660211045,11871
1660211045,15193
1660211045,22123
1660211045,25191
1660211045,28745
1660211045,31957
1660211045,35199
1660211045,38708
1660211045,45281
1660211045,48523
1660211045,51949
1660211045,55423
1660211045,58562
1660211045,61825
1660211045,68862
1660211045,72278
1660211045,75411
1660211045,78602
1660211045,81988
1660211045,85388
1660211045,91896
1660211045,95137
1660211045,9851
1660211046,01897
1660211046,0532
1660211046,08468
1660211046,15357
1660211046,18549
1660211046,22049
1660211046,25302
1660211046,28467
1660211046,31795
1660211046,38731
1660211046,41806
1660211046,45152
1660211046,48698
1660211046,52108
1660211046,55667
1660211046,62169
1660211046,65161
1660211046,68706
1660211046,72155
1660211046,75118
1660211046,78455
1660211046,85313
1660211046,8865
1660211046,91864
1660211046,95243
1660211046,98487
1660211047,01805
1660211047,08919
1660211047,12131
1660211047,15415
1660211047,18612
1660211047,22237
1660211047,25459
1660211047,32167
1660211047,35135
1660211047,38844
1660211047,42086
1660211047,45358
1660211047,48442
